9
53.4954765, -113.5472986
10
53.4954764, -113.5472987
11
53.4954766, -113.5472986
12
53.4954766, -113.5472986
13
53.4954762, -113.5472987
14
53.495476, -113.5472987
15
53.495476, -113.5472986
16
53.495476, -113.5472986
17
53.4954759, -113.5472985
18
53.4954759, -113.5472988
19
53.495476, -113.5472985
20
53.495476, -113.5472985
21
53.4954762, -113.5472985
22
53.4954762, -113.5472989
23
53.4954762, -113.5472989
24
53.4954762, -113.5472989
25
53.4954762, -113.5472989
26
53.4954762, -113.5472993
27
53.4954759, -113.5472997
28
53.4954758, -113.5472998
29
53.4954757, -113.5472999
30
53.4954756, -113.5473002
31
53.4954757, -113.5473002
32
53.4954757, -113.5473004
33
53.4954757, -113.5473005
34
53.4954756, -113.5473007
35
53.4954755, -113.5473009
36
53.4954755, -113.5473009
37
53.4954754, -113.547301
38
53.4954755, -113.5473012
39
53.4954754, -113.5473012
40
53.4954754, -113.5473012
41
53.4954754, -113.5473012
42
53.4954754, -113.5473013
43
53.4954754, -113.5473014
44
53.4954754, -113.5473013
45
53.4954754, -113.5473013
46
53.4954756, -113.5473015
47
53.4954757, -113.5473016
48
53.4954757, -113.5473018
49
53.4954757, -113.547302
50
53.4954758, -113.547302
51
53.4954758, -113.5473021
52
53.4954758, -113.5473023
53
53.4954758, -113.5473025
54
53.4954758, -113.5473027
55
53.4954758, -113.5473027
56
53.4954758, -113.5473026
57
53.4954758, -113.5473024
58
53.4954757, -113.5473024
59
53.4954757, -113.5473025
60
53.4954758, -113.5473027
61
53.495476, -113.5473029
62
53.4954763, -113.5473029
63
53.4954764, -113.547303
64
53.4954765, -113.547303
65
53.4954767, -113.5473029
66
53.4954766, -113.5473029
67
53.4954768, -113.5473028
68
53.4954769, -113.5473028
69
53.4954768, -113.5473028
70
53.4954768, -113.5473028
71
53.4954768, -113.5473028
72
53.4954768, -113.5473029
73
53.4954769, -113.547303
74
53.4954768, -113.5473031
75
53.4954768, -113.547303
76
53.4954769, -113.547303
77
53.495477, -113.547303
78
53.4954772, -113.5473029
79
53.4954774, -113.5473028
80
53.4954775, -113.5473029
81
53.4954774, -113.5473029
82
53.4954775, -113.547303
83
53.4954775, -113.5473029
84
53.4954775, -113.5473029
85
53.4954775, -113.5473029
86
53.4954775, -113.5473029
87
53.4954775, -113.5473029
88
53.4954775, -113.5473028
89
53.4954775, -113.5473029
90
53.4954775, -113.5473028
91
53.4954775, -113.5473028
92
53.4954775, -113.5473028
93
53.4954775, -113.5473029
94
53.4954777, -113.5473029
95
53.4954777, -113.547303
96
53.4954778, -113.5473032
97
53.4954778, -113.5473032
98
53.4954778, -113.5473032
99
53.4954777, -113.5473031
100
53.4954777, -113.5473033
101
53.4954778, -113.5473033
102
53.4954777, -113.5473033
103
53.4954777, -113.5473033
104
53.4954776, -113.5473034
105
53.4954776, -113.5473034
106
53.4954776, -113.5473036
107
53.4954777, -113.5473036
108
53.4954779, -113.5473034
109
53.495478, -113.5473034
110
53.4954781, -113.5473034
111
53.4954781, -113.5473035
112
53.4954781, -113.5473035
113
53.495478, -113.5473036
114
53.4954779, -113.5473036
115
53.4954778, -113.5473036
116
53.4954775, -113.5473037
117
53.4954773, -113.5473039
118
53.4954772, -113.547304
119
53.4954771, -113.5473041
120
53.495477, -113.5473042
121
53.495477, -113.5473043
122
53.495477, -113.5473043
123
53.495477, -113.5473044
124
53.4954767, -113.5473044
125
53.4954765, -113.5473045
126
53.4954764, -113.5473048
127
53.4954763, -113.5473048
128
53.4954763, -113.5473051
129
53.4954763, -113.5473052
130
53.4954763, -113.5473052
131
53.4954763, -113.5473051
132
53.4954762, -113.5473051
133
53.4954761, -113.5473051
134
53.4954761, -113.5473049
135
53.4954761, -113.5473049
136
53.4954759, -113.5473049
137
53.4954757, -113.5473047
138
53.4954756, -113.5473046
139
53.4954756, -113.5473045
140
53.4954755, -113.5473045
141
53.4954755, -113.5473045
142
53.4954755, -113.5473045
143
53.4954753, -113.5473044
144
53.4954751, -113.5473043
145
53.4954752, -113.5473042
146
53.4954752, -113.5473041
147
53.4954752, -113.5473041
148
53.495475, -113.5473041
149
53.4954749, -113.5473041
150
53.4954747, -113.5473044
151
53.4954745, -113.5473044
152
53.4954744, -113.5473044
153
53.4954742, -113.5473047
154
53.4954742, -113.5473047
155
53.4954741, -113.5473047
156
53.4954739, -113.5473047
157
53.4954738, -113.5473047
158
53.4954734, -113.5473049
159
53.4954732, -113.547305
160
53.495473, -113.5473051
161
53.4954728, -113.5473053
162
53.4954728, -113.5473052
163
53.4954728, -113.5473053
164
53.4954728, -113.5473053
165
53.4954728, -113.5473053
166
53.4954727, -113.5473053
167
53.4954725, -113.5473055
168
53.4954725, -113.5473056
169
53.4954723, -113.5473055
170
53.4954723, -113.5473053
171
53.4954722, -113.5473054
172
53.495472, -113.5473054
173
53.495472, -113.5473055
174
53.495472, -113.5473055
175
53.495472, -113.5473055
176
53.4954718, -113.5473055
177
53.4954716, -113.5473056
178
53.4954713, -113.5473056
179
53.4954713, -113.5473055
180
53.4954712, -113.5473054
181
53.495471, -113.5473054
182
53.4954709, -113.5473053
183
53.4954709, -113.5473055
184
53.4954709, -113.5473057
185
53.4954709, -113.5473056
186
53.4954708, -113.5473055
187
53.4954707, -113.5473054
188
53.4954707, -113.5473052
189
53.4954706, -113.5473051
190
53.4954706, -113.5473052
191
53.4954705, -113.547305
192
53.4954704, -113.5473049
193
53.4954705, -113.5473048
194
53.4954705, -113.5473049
195
53.4954705, -113.5473049
196
53.4954705, -113.5473049
197
53.4954705, -113.5473049
198
53.4954704, -113.5473049
199
53.4954703, -113.5473049
200
53.4954704, -113.5473049
201
53.4954704, -113.5473049
202
53.4954703, -113.5473049
203
53.4954702, -113.5473049
204
53.4954702, -113.5473051
205
53.4954702, -113.5473051
206
53.4954702, -113.5473051
207
53.49547, -113.5473052
208
53.49547, -113.5473053
209
53.4954701, -113.5473052
210
53.49547, -113.5473051
211
53.49547, -113.5473052
212
53.49547, -113.5473052
213
53.49547, -113.5473052
214
53.4954698, -113.547305
215
53.4954697, -113.5473049
216
53.4954694, -113.5473047
217
53.4954694, -113.5473046
218
53.4954694, -113.5473044
219
53.4954694, -113.5473042
220
53.4954694, -113.5473042
221
53.4954695, -113.5473041
222
53.4954696, -113.5473042
223
53.4954696, -113.5473043
224
53.4954696, -113.5473044
225
53.4954697, -113.5473044
226
53.4954696, -113.5473045
227
53.4954694, -113.5473046
228
53.4954693, -113.5473046
229
53.4954691, -113.5473046
230
53.4954691, -113.5473046
231
53.4954692, -113.5473046
232
53.4954692, -113.5473046
233
53.4954693, -113.5473046
234
53.4954693, -113.5473046
235
53.4954692, -113.5473047
236
53.4954691, -113.5473047
237
53.495469, -113.5473047
238
53.495469, -113.5473047
239
53.4954691, -113.5473046
240
53.4954691, -113.5473046
241
53.4954692, -113.5473046
242
53.4954695, -113.5473044
243
53.4954699, -113.5473043
244
53.4954706, -113.5473042
245
53.4954714, -113.5473038
246
53.4954722, -113.5473037
247
53.4954728, -113.5473035
248
53.4954733, -113.5473033
249
53.4954736, -113.5473034
250
53.4954738, -113.5473034
251
53.4954742, -113.5473034
252
53.4954746, -113.5473032
253
53.4954748, -113.5473031
254
53.4954749, -113.547303
255
53.4954751, -113.5473029
256
53.4954753, -113.547303
257
53.4954754, -113.547303
258
53.4954754, -113.5473031
259
53.4954754, -113.5473031
260
53.4954755, -113.5473032
261
53.4954756, -113.5473034
262
53.4954758, -113.5473033
263
53.495476, -113.5473032
264
53.4954762, -113.5473032
265
53.4954765, -113.5473031
266
53.4954769, -113.5473031
267
53.4954771, -113.547303
268
53.4954772, -113.5473029
269
53.4954774, -113.5473028
270
53.4954775, -113.5473028
271
53.4954774, -113.5473028
272
53.4954774, -113.547303
273
53.4954774, -113.5473031
274
53.4954777, -113.5473032
275
53.4954778, -113.5473033
276
53.4954781, -113.5473033
277
53.4954783, -113.5473033
278
53.4954787, -113.5473032
279
53.495479, -113.5473033
280
53.4954792, -113.5473034
281
53.4954791, -113.5473035
282
53.4954792, -113.5473034
283
53.4954791, -113.5473034
284
53.4954791, -113.5473035
285
53.4954791, -113.5473032
286
53.4954791, -113.5473033
287
53.4954791, -113.5473035
288
53.4954791, -113.5473037
289
53.495479, -113.5473039
290
53.4954789, -113.5473042
291
53.4954789, -113.5473045
292
53.4954789, -113.5473047
293
53.4954789, -113.5473049
294
53.4954788, -113.5473049
295
53.4954788, -113.5473049
296
53.4954787, -113.5473049
297
53.4954787, -113.5473052
298
53.4954786, -113.5473053
299
53.4954785, -113.5473056
300
53.4954785, -113.5473057
301
53.4954786, -113.5473059
302
53.4954787, -113.5473061
303
53.4954789, -113.5473062
304
53.495479, -113.5473063
305
53.4954791, -113.5473064
306
53.4954791, -113.5473065
307
53.4954793, -113.5473065
308
53.4954793, -113.5473066
309
53.4954792, -113.5473069
310
53.4954791, -113.5473072
311
53.495479, -113.5473075
312
53.4954791, -113.5473076
313
53.4954792, -113.5473078
314
53.4954793, -113.5473079
315
53.4954794, -113.5473079
316
53.4954794, -113.5473079
317
53.4954794, -113.5473079
318
53.4954794, -113.547308
319
53.4954793, -113.5473081
320
53.4954793, -113.5473081
321
53.4954792, -113.5473081
322
53.4954793, -113.5473083
323
53.4954794, -113.5473084
324
53.4954794, -113.5473085
325
53.4954796, -113.5473087
326
53.4954799, -113.5473087
327
53.4954798, -113.5473088
328
53.4954799, -113.547309
329
53.49548, -113.5473091
330
53.4954801, -113.5473091
331
53.4954801, -113.5473092
332
53.4954802, -113.5473093
333
53.4954802, -113.5473094
334
53.4954802, -113.5473097
335
53.4954802, -113.5473098
336
53.4954799, -113.5473102
337
53.4954798, -113.5473103
338
53.4954798, -113.5473105
339
53.4954797, -113.5473107
340
53.4954797, -113.5473108
341
53.4954796, -113.5473108
342
53.4954795, -113.5473109
343
53.4954794, -113.547311
344
53.4954794, -113.547311
345
53.4954794, -113.5473111
346
53.4954795, -113.5473112
347
53.4954795, -113.5473112
348
53.4954785, -113.547311
349
53.4954743, -113.5473102
350
53.4954684, -113.5473097
351
53.4954616, -113.5473096
352
53.4954553, -113.5473099
353
53.4954504, -113.5473108
354
53.4954474, -113.5473119
355
53.4954458, -113.5473129
356
53.4954453, -113.5473138
357
53.4954451, -113.5473145
358
53.495445, -113.5473153
359
53.4954451, -113.5473159
360
53.4954455, -113.5473164
361
53.4954459, -113.5473167
362
53.4954462, -113.5473167
363
53.4954465, -113.5473167
364
53.4954466, -113.5473166
365
53.4954468, -113.5473165
366
53.4954469, -113.5473165
367
53.4954468, -113.5473164
368
53.4954469, -113.5473161
369
53.4954467, -113.5473161
370
53.4954466, -113.547316
371
53.4954464, -113.547316
372
53.4954463, -113.547316
373
53.4954463, -113.547316
374
53.4954462, -113.5473161
375
53.495446, -113.5473164
376
53.4954458, -113.5473168
377
53.4954456, -113.5473171
378
53.4954456, -113.5473172
379
53.4954455, -113.5473175
380
53.4954454, -113.5473176
381
53.4954452, -113.5473177
382
53.4954452, -113.5473177
383
53.4954452, -113.5473177
384
53.4954452, -113.5473177
385
53.4954452, -113.5473176
386
53.4954453, -113.5473174
387
53.4954455, -113.5473172
388
53.4954454, -113.5473172
389
53.4954454, -113.5473173
390
53.4954454, -113.5473173
391
53.4954453, -113.5473176
392
53.4954453, -113.5473179
393
53.4954452, -113.5473182
394
53.4954453, -113.5473184
395
53.4954453, -113.5473187
396
53.4954452, -113.5473188
397
53.4954453, -113.547319
398
53.4954455, -113.547319
399
53.4954461, -113.547319
400
53.4954469, -113.547319
401
53.4954477, -113.547319
402
53.4954482, -113.5473188
403
53.4954486, -113.5473185
404
53.4954487, -113.5473183
405
53.4954488, -113.5473181
406
53.495449, -113.5473178
407
53.495449, -113.5473177
408
53.4954491, -113.5473178
409
53.4954492, -113.5473177
410
53.4954492, -113.5473177
411
53.4954492, -113.5473177
412
53.4954493, -113.5473176
413
53.4954493, -113.5473175
414
53.4954493, -113.5473171
415
53.4954493, -113.5473169
416
53.4954495, -113.5473168
417
53.4954498, -113.5473168
418
53.4954501, -113.5473168
419
53.4954505, -113.5473168
420
53.495451, -113.5473168
421
53.4954514, -113.5473168
422
53.4954518, -113.5473169
423
53.4954521, -113.5473171
424
53.4954523, -113.5473175
425
53.4954523, -113.5473178
426
53.4954525, -113.547318
427
53.4954528, -113.5473182
428
53.4954531, -113.5473182
429
53.4954534, -113.5473181
430
53.4954535, -113.5473181
431
53.4954536, -113.5473181
432
53.495454, -113.5473182
433
53.4954546, -113.5473182
434
53.495455, -113.5473181
435
53.4954552, -113.5473182
436
53.4954555, -113.5473185
437
53.4954556, -113.5473187
438
53.4954558, -113.547319
439
53.495456, -113.5473192
440
53.4954562, -113.5473196
441
53.4954562, -113.5473201
442
53.4954563, -113.5473204
443
53.4954565, -113.5473206
444
53.4954568, -113.5473206
445
53.495457, -113.5473208
446
53.4954571, -113.547321
447
53.4954571, -113.5473212
448
53.495457, -113.5473214
449
53.4954571, -113.5473216
450
53.495457, -113.5473218
451
53.495457, -113.5473221
452
53.4954569, -113.5473224
453
53.4954567, -113.5473227
454
53.4954562, -113.5473228
455
53.4954559, -113.547323
456
53.4954553, -113.5473232
457
53.4954549, -113.5473234
458
53.4954548, -113.5473235
459
53.4954547, -113.5473236
460
53.4954546, -113.5473237
461
53.4954546, -113.5473237
462
53.4954546, -113.5473236
463
53.4954546, -113.5473236
464
53.4954544, -113.5473234
465
53.4954544, -113.547323
466
53.4954543, -113.547323
467
53.4954544, -113.5473229
468
53.4954545, -113.5473229
469
53.4954546, -113.5473228
470
53.4954547, -113.5473227
471
53.4954547, -113.5473226
472
53.4954547, -113.5473223
473
53.4954545, -113.5473222
474
53.4954542, -113.5473219
475
53.4954538, -113.5473217
476
53.4954534, -113.5473213
477
53.4954529, -113.5473207
478
53.4954525, -113.5473205
479
53.4954523, -113.5473204
480
53.4954521, -113.54732
481
53.4954522, -113.5473195
482
53.4954523, -113.5473191
483
53.4954525, -113.547319
484
53.4954526, -113.5473189
485
53.4954526, -113.5473189
486
53.4954525, -113.5473192
487
53.4954524, -113.5473195
488
53.4954521, -113.5473199
489
53.4954517, -113.5473202
490
53.4954515, -113.5473205
491
53.4954513, -113.5473206
492
53.4954513, -113.547321
493
53.4954512, -113.5473211
494
53.4954513, -113.5473212
495
53.4954514, -113.5473214
496
53.4954516, -113.5473213
497
53.4954518, -113.5473212
498
53.4954519, -113.5473207
499
53.4954518, -113.5473208
500
53.4954518, -113.5473207
501
53.4954517, -113.5473206
502
53.4954516, -113.5473205
503
53.4954513, -113.5473206
504
53.495451, -113.5473208
505
53.4954505, -113.5473211
506
53.4954503, -113.5473213
507
53.4954502, -113.5473213
508
53.49545, -113.5473214
509
53.49545, -113.5473214
510
53.49545, -113.5473214
511
53.49545, -113.5473213
512
53.4954501, -113.547321
513
53.4954502, -113.5473209
514
53.4954503, -113.5473208
515
53.4954505, -113.547321
516
53.4954507, -113.5473212
517
53.4954507, -113.5473212
518
53.4954507, -113.5473214
519
53.4954507, -113.5473215
520
53.4954508, -113.5473215
521
53.4954507, -113.5473216
522
53.495451, -113.547322
523
53.4954512, -113.5473223
524
53.4954516, -113.5473225
525
53.4954521, -113.5473229
526
53.4954523, -113.5473233
527
53.4954525, -113.5473236
528
53.4954527, -113.5473237
529
53.4954528, -113.5473237
530
53.4954531, -113.5473238
531
53.4954533, -113.547324
532
53.4954532, -113.5473243
533
53.4954531, -113.5473245
534
53.4954531, -113.5473247
535
53.4954531, -113.5473248
536
53.4954531, -113.5473252
537
53.4954529, -113.5473258
538
53.4954527, -113.5473263
539
53.4954524, -113.5473266
540
53.4954521, -113.547327
541
53.4954518, -113.5473274
542
53.4954517, -113.5473276
543
53.4954516, -113.5473277
544
53.4954515, -113.5473278
545
53.4954515, -113.5473278
546
53.4954515, -113.5473277
547
53.4954514, -113.5473277
548
53.4954514, -113.5473276
549
53.4954513, -113.5473276
550
53.4954511, -113.547328
551
53.495451, -113.5473284
552
53.495451, -113.5473287
553
53.4954511, -113.5473287
554
53.4954513, -113.5473288
555
53.4954515, -113.547329
556
53.4954515, -113.547329
557
53.4954516, -113.5473289
558
53.4954516, -113.5473288
559
53.4954517, -113.5473288
560
53.4954519, -113.5473288
561
53.4954521, -113.5473289
562
53.4954525, -113.5473291
563
53.4954528, -113.5473291
564
53.4954529, -113.5473294
565
53.495453, -113.5473297
566
53.4954529, -113.5473297
567
53.4954529, -113.5473296
568
53.4954529, -113.5473297
569
53.495453, -113.5473298
570
53.4954531, -113.5473298
571
53.4954531, -113.5473297
572
53.4954532, -113.5473295
573
53.4954534, -113.5473289